28
16
981
44
48
44
8
27
592
24
55
43
1
52
10
23
28
48
37
10
55
2
16
16
64
6
70
81
23
18
1
6
10
132
70
1
49
8
19
105
8
66
18
2
57
16
55
10
66
376
28
24
9
10
18
1
16
19
23
2
119
44
2
2
6
44
24
218
28
43
55
27
27
23
55
180
19
28
27
19
27
8
18
48
27
44
28
70
19
18
2
124
44
19
44
192
16
6
27
2
57
57
48
8
10
6
447
27
66
19
74
43
70
1
19
49
27
180
6
44
24
18
23
51
20
19
10
16
16
28
1
66
28
2
138
16
43
138
44
89
44
202
78
8
10
2
2
44
368
19
28
223
371
19
18
8
48
44
70
2
27
1
9
48
27
2
19
44
8
44
43
16
44
52
223
48
44
61
24
2
27
57
89
27
128
16
27
6
18
6
52
18
19
19
48
48
55
28
6
18
183
1
2
78
6
18
89
44
176
23
18
8
23
28
44
65
2
52
74
8
64
128
8
62
44
44
2
24
8
16
2
94
9
24
23
6
8
71
27
1
44
105
48
172
57
55
246
18
18
10
217
24
94
28
28
6
44
27
6
23
66
10
16
132
23
6
10
10
926
24
2
340
24
27
114
89
55
8
18
18
44
10
94
8
55
23
10
31
3200
138
24
220
266
52
18
48
8
8
2
30
10
44
176
6
10
6
8
18
371
19
18
95
61
18
49
8
27
6
44
63
49
52
6
44
16
48
199
1
8
28
24
52
24
8
43
52
19
10
19
99
19
52
6
169
20
19
55
6
10
44
6
1
16
23
19
142
28
44
8
19
19
6
48
18
28
18
43
18
16
6
43
49
62
18
28
1
8
10
66
48
560
18
28
43
44
18
52
28
48
18
19
6
55
55
43
27
174
10
16
37
27
1
98
44
2
28
1006
43
44
6
37
44
1
62
78
52
27
43
23
28
10
1
28
44
18
27
18
19
74
44
1535
78
23
602
10
27
61
6
95
27
27
18
24
44
37
10
95
56
19
8
66
1
105
771
27
28
1
27
16
27
43
66
74
28
89
1
24
6
28
68
24
10
2
2
1
169
27
16
6
253
19
23
10
19
138
78
6
18
24
2
16
10
66
44
94
8
44
18
2
94
52
28
10
8
10
218
10
112
6
19
48
20
10
27
89
23
6
28
2
1
24
37
10
94
6
1
105
28
18
27
2
8
28
383
83
1
44
89
148
44
168
6
18
8
95
27
24
52
8
23
220
23
172
9
10
6
6
6
114
737
44
2
18
24
2
16
55
44
2
18
37
19
1
497
10
1
44
19
78
52
19
114
2
10
19
273
10
18
170
27
43
228
43
24
95
28
2
28
57
24
55
55
2
8
48
738
6
2
252
18
2
18
6
10
6
7110
2
10
28
55
2
132
122
172
44
70
18
57
94
44
23
89
18
18
286
66
48
24
19
2
6
51
55
8
19
119
18
376
6
55
48
138
6
212
6
74
63
48
44
8
18
66
8
1
9
18
23
44
30
44
18
16
55
63
48
6
48
10
6
774
28
18
74
2
16
48
20
18
105
27
18
43
6
176
70
10
19
20
44
1
2
20
567
10
1
8
43
18
89
90
10
504
31
24
2
2
49
37
95
48
185
20
19
51
44
44
48
6
6
19
309
23
51
55
37
6
1
19
55
6
2
68
2
18
23
8
101
44
16
19
19
55
6
1
105
9
19
44
27
18
28
28
44
23
27
1
23
57
2
2
218
2
10
19
43
19
49
8
1
8
52
18
109
55
218
24
44
48
27
28
27
48
18
89
10
27
2
8
1
24
10
20
44
28
48
44
23
2
1
27
64
18
138
175
83
55
18
18
27
44
44
94
18
55
2
19
48
52
44
89
18
1
94
18
10
8
19
6
19
28
1
28
28
48
55
26
10
44
27
733
10
19
27
20
1
209
261
286
19
43
19
2
43
62
78
159
57
1
10
176
202
24
10
16
51
192
55
8
28
9
408
181
23
2482
27
16
6
44
10
10
16
48
44
23
27
66
48
51
49
18
1
9
10
44
6
1425
52
44
18
118
4542
55
469
1
27
8
35094
2
44
43
439
6
6
6
19
72
2
27
6
48
10
6
16
18
23
48
44
16
28
30
6
138
27
78
49
10
6
66
23
52
10
1
89
19
23
24
51
8
55
52
48
33
2
6
6
43
9
8
55
57
8
175
6
70
2
138
44
213
2
27
27
8
55
19
27
8
16
89
55
44
2
8
114
19
55
55
89
24
55
44
10
19
44
28
19
27
52
28
18
19
28
23
6
24
51
64
43
23
64
27
16
27
24
6
78
23
1
24
6
2
18
44
19
1
30
44
1
23
28
9
51
70
1
89
23
44
371
19
205
57
28
118
1
43
51
6
128
49
28
774
19
55
2
27
44
1
9
10
18
19
6
23
24
1
19
568
49
23
44
27
6
1
28
18
44
19
6
89
18
172
47
132
19
55
24
18
78
2
6
981
18
28
10
55
19
2
1
64
99
19
18
28
44
47
18
10
44
253
123
6
19
44
27
28
55
18
1
44
2
37
313
2571
28
19
95
24
1
19
55
2
10
94
218
6
6
54
49
6
10
66
331
19
9
8
44
44
2
6
1
19
28
138
8
16
107
24
2
28
8
6
48
1
19
24
18
16
18
16
27
27
1
635
31
23
66
193
6
1
66
6
44
18
89
44
52
19
2
423
2
6
392
6
6
19
1406
18
49
44
159
19
111
19
48
95
1134
1
28
37
10
10
20
19
44
28
28
44
8
51
18
44
6
174
43
27
24
27
24
27
24
2
8
8
27
55
18
18
44
44
44
44
110
27
23
8
24
52
27
28
70
6
24
44
23
48
1
70
51
6
44
6
28
2
20
18
170
10
19
183
55
19
24
18
44
28
48
27
6
16
44
27
37
9
105
74
1
44
882
44
49
212
148
48
55
18
44
27
51
16
27
6
27
1602
8
10
89
6
78
295
48
43
18
31
44
98
2
43
1168
95
19
1
18
89
43
66
44
16
8
10
18
6
27
89
124
28
89
16
16
8
44
2
18
8
70
19
18
8
30
10
18
2
23
37
28
44
47
2
24
44
23
10
28
131
28
44
10
44
8
55
19
48
181
2
19
393
55
51
6
18
24
18
19
19
16
27
1
8
1
18
28
55
48
8
27
1
2
1606
51
67
44
286
72
6
55
16
159
1
309
24
16
16
43
19
24
6
19
52
9
138
1
10
8
8
10
28
19
8
8
8
24
43
105
8
20
55
19
10
23
16
72
23
27
44
48
20
44
8
43
23
8
44
43
63
18
27
2
185
19
655
1
19
10
6
128
27
1
2
8
1
70
6
174
44
48
94
28
24
44
44
18
27
44
19
57
2
51
218
10
196
48
19
6
26
1
55
24
340
10
19
6
169
18
383
44
28
18
52
24
18
6
44
139
18
89
6
26
27
1
2
6
55
18
24
24
48
66
24
24
8
2
30
246
78
2
43
1
44
23
48
89
19
95
27
19
27
1
44
19
66
841
47
78
16
1072
44
27
8
24
18
138
8
6
18
112
10
62
132
44
6
9
138
9
10
16
44
1
1
10
24
10
8
89
44
1
8
10
172
28
27
8
23
1
10
66
10
18
49
44
52
18
8
8
27
18
16
1
47
8
23
48
78
2
48
176
224
74
9
10
18
23
10
19
2
6
64
2
6
16
132
66
48
78
16
8
1
28
55
8
19
44
49
37
2
27
27
2
55
20
10
24
174
8
18
2
114
2
24
16
55
19
23
64
37
51
16
19
44
6
1
18
66
18
66
66
43
26
9
2
6
44
213
66
18
19
48
2
6
52
28
55
28
30
546
8
52
30
19
28
48
16
16
27
48
10
48
2
18193
6
23
23
10
74
44
8
78
6
74
8
2
174
16
19
18
199
1046
10
48
19
48
49
62
371
10
37
49
8
18
16
47
132
48
44
24
1
18
132
55
250
212
16
19
138
62
6
28
28
112
1354
49
16
28
2
2
1
44
1
10
465
30
10
30
118
18
8
31
78
55
18
18
55
43
348
19
10
19
44
44
19
1
23
51
37
27
10
94
477
18
94
10
139
89
37
16
1
99
55
128
37
8
37
19
18
2
16
10
10
44
24
44
1
16
44
44
44
10
44
148
28
28
2
10
28
19
18
30
24
19
10
44
24
19
2
2
48
2
212
174
58
55
6
16
44
1
1
18
18
2
9
16
24
27
89
31
44
52
89
6
44
18
1757
10
111
44
55
1
19
23
19
19
27
23
61
49
48
124
8
2
20
6
61
54
2
28
47
6
16
10
124
124
8
27
19
6
16
51
8
19
18
8
44
43
37
27
49
18
6
19
8
18
20
61
24
89
37
44
522
27
18
19
10
19
44
16
78
10
71
72
706
10
51
74
6
28
28
10
24
83
19
8
6
27
124
48
19
18
142
19
27
6
28
6
487
2
138
37
44
28
27
64
1
30
27
6
124
48
24
19
55
6
18
1
23
28
16
8
2
6
44
10
78
44
2
284
8
835
19
44
78
48
55
55
48
124
24
124
18
24
47
44
1
16
10
23
24
44
43
1
62
23
10
23
915
23
18
28
138
48
1768
51
9
10
8
19
28
19
18
44
63
2
19
1
44
28
132
54
18
1
66
47
48
1
16
10
27
10
66
16
171
1
18
37
23
24
2
52
27
19
1
10
44
1
57
2
37
8
138
18
383
24
148
6
27
16
299
8
20
10
1
18
18
19
23
28
19
60
18
28
63
48
128
28
78
2
49
89
6
49
8
28
24
78
62
8
48
19
18
8
139
170
43
37
18
1
19
26
48
66
23
9
48
66
68
1
6
10
2108
408
6
1
8
24
10
10
24
1
176
175
28
44
8
74
6
16
57
24
18
57
16
27
16
51
44
2
2
253
577
439
10
6
1774
18
70
51
169
10
26
10
55
24
44
54
185
44
8
6
55
19
10
23
182
78
55
44
1
24
1
55
94
1
37
44
18
27
70
2
2
55
19
23
44
18
44
44
10
8
1
78
18
2
16
10
26
16
18
6
28
27
2
6
477
24
66
44
24
8
44
49
44
51
18
19
78
713
6
57
10
16
28
18
49
44
246
24
18
1
6
10
20
99
132
16
1
28
23
10
57
37
1680
44
44
18
335
6
18
2
44
55
48
27
16
10
128
44
2
23
783
55
49
6
44
18
89
44
1
23
10
8
2
19
8
5358
95
213
8
1068
78
8
8
549
44
89
28
20
1185
8
19
10
27
24
44
18
10
24
6
949
52
250
70
57
44
66
66
43
52
18
44
16
57
43
55
1060
52
172
2
8
20
19
27
28
6
318
10
43
55
51
16
19
6
1
19
94
23
44
44
23
2
55
1
72
19
51
24
8
16
2
44
27
106
89
176
10
48
18
567
110
1
2
28
8
9
48
26
48
10
8
19
44
44
28
2
10
8
44
51
63
48
10
61
27
19
19
6
1
26
18
23
44
10
19
6
10
6
377
66
1
44
19
16
10
2
8
62
23
2
44
27
10
142
8
2
1656
8
44
10
10
10
51
228
24
44
48
24
44
56
19
174
8
44
10
44
68
18
170
47
9
47
44
18
8
28
49
44
6
10
27
27
1
1
24
55
48
1
72
44
210
6
24
89
47
48
10
94
18
44
8
31
10
18
180
18
89
138
23
44
51
6
28
43
18
8
6
10
28
23
8
148
148
51
24
37
16
51
63
132
8
1
10
54
1
27
44
28
1
6
10
43
27
51
10
89
24
1
28
8
24
6
1
24
18
44
6
18
27
8
128
57
6
48
52
19
8
10
89
1
27
43
61
18
44
44
8
26
2
44
44
44
52
19
31
1
1
28
10
67
19
51
47
19
27
10
43
28
27
314
16
44
8
18
8
54
18
2
19
64
28
16
10
6
61
299
24
16
6
8
19
16
51
8
18
811
43
6
24
28
30
16
43
16
66
23
2
8
48
44
44
20
18
1
52
8
28
89
8
78
94
23
2
18
44
10
8
52
218
61
48
49
37
44
2
19
6
8
6
18
44
10
19
94
16
8
55
6
6
27
19
62
43
1
18
348
52
44
9
16
78
6
157
10
6
18
2
44
20
28
8
26
594
18
18
8
48
26
51
8
27
24
24
28
44
142
51
48
31
20
9
19
44
47
10
48
24
23
57
2
61
2
2
10
44
2
31
28
64
19
19
27
8
10
2
1
51
24
148
28
19
10
18
19
18
57
48
138
2
19
1
168
107
61
8
44
1
24
16
2
473
31
89
51
9
6
49
19
28
6
44
9
64
30
1159
23
61
89
55
19
18
90
27
9
61
19
1
8
18
23
19
56
44
51
172
138
9
49
48
48
16
20
19
44
44
246
2269
16
83
299
227
8
19
52
16
9
1
9
55
1711
1
1
55
44
48
44
10
37
19
8
6
6
2
43
9
19
48
18
23
44
10
52
1390
27
9
9
24
314
8
61
18
48
348
24
43
9
57
24
10
2
28
20
24
2
48
2
16
16
16
27
314
43
55
44
19
16
44
2
51
448
48
9
8
19
62
1
10
266
1182
8
6
10
8
10
16
10
18
44
48
66
68
18
9
49
9
44
1
19
9
10
44
55
19
1
6
9
44
89
48
27
27
19
28
48
2
24
8
192
47
244
142
1
23
18
8
28
20
8
19
89
48
9
28
314
8
44
54
8
44
27
30
24
10
37
24
6
2
9
43
138
63
10
186
8
9
8
16
28
43
23
48
20
48
2
44
10
44
64
24
6
27
27
8
2
51
49
48
55
52
20
30
10
8
48
55
19
161
1
583
37
70
9
16
2
43
48
10
8
2
118
72
19
10
61
89
54
68
51
23
44
43
16
23
51
18
24
55
24
94
2
49
567
8
23
1
1823
18
1
2
10
48
66
8
44
18
52
6
55
48
8
19
16
62
72
27
28
18
9
51
19
44
16
19
19
1
44
52
6
577
6
48
55
18
27
89
18
128
49
26
18
9
24
9
55
9
89
568
98
48
23
9
43
6227
6
10
44
2
19
24
51
16
26
66
19
1148
10
19
89
10
10
1
18
2
8
48
1
78
61
8
44
2
23
19
26
138
78
8
48
48
44
57
6
43
26
20
589
124
1
8
18
6
44
18
52
27
8
51
10
51
19
51
10
7148
8
66
23
78
27
568
27
49
44
10
27
110
19
1
44
9
24
23
142
10
1
44
27
2
9
23
9
8
19
2
10
19
78
1
26
9
18
31
27
10
55
8
10
19
24
68
24
8
172
23
10
66
112
89
44
6
23
44
18
18
94
27
6
20
6
9
44
61
138
44
8
18
44
8
10
6
18
9
1
2
6
18
10
27
2
9
10
9
19
9
49
10
118
9
1
139
70
6
377
43
48
37
1
1
26
48
89
464
89
24
1
44
16
55
8
8
1
16
27
2
24
16
2
252
138
1
16
63
48
44
1
8
20
55
2
27
18
94
44
55
348
218
9
48
2
8
16
27
89
27
55
8
2
51
6
70
9
19
23
132
23
90
6
1
44
1458
24
66
51
23
367
8
9
55
19
43
18
57
26
54
24
19
10
70
44
44
31
16
62
9
18
49
106
1
19
44
1
16
8
783
23
19
6
44
2
6
43
23
89
94
27
16
44
70
27
71
19
19
44
138
1
18
119
18
48
10
2
6
2
24
169
44
1
2
18
19
1
61
44
23
218
10
18
44
49
19
1
6
64
23
78
2
60
132
6
19
602
2
18
10
23
68
2
1
1110
43
52
10
24
9
55
1
10
6
27
28
18
44
51
6
1
74
2
142
10
31
89
44
72
10
89
28
169
66
16
18
8
10
18
18
89
19
2
8
48
273
27
8
6
89
2
982
23
37
19
66
24
44
98
10
18
33
2
138
6
9
19
48
1
37
44
8
44
55
27
70
6
10
1
19
23
37
18
24
18
8
66
8
43
23
1
16
49
10
364
52
27
10
52
1
55
139
24
6
44
8
2
24
1
44
2
2
1
10
176
89
8
18
52
90
8
43
27
1
2
6
52
10
138
66
66
23
1
18
6
9
49
377
44
19
18
55
18
30
8
89
20
20
431
9
2
8
24
10
9
27
18
9
78
20
19
6
19
9
8
6
47
20
28
61
9
18
19
55
9
19
48
84
48
9
27
51
180
6
48
105
148
10
78
1
56
2
8
24
10
9
6
10
78
169
89
10
27
18
48
2
2
1
37
27
24
18
210
139
61
2
1
9
51
43
9
6
19
9
132
83
18
8
6
6
57
9
1
2
44
6
27
124
28
6
89
10
8
24
1
1
43
19
26
19
27
8
10
44
9
2
23
8
48
51
9
18
2
8
27
26
27
37
1
8
9
55
2
24
26
1
8
48
314
20
1511
43
9
348
48
19
10
55
27
8
19
24
8
16
1
9
19
8
6483
52
9
2
48
2
1
24
19
48
8
9
9
49
27
132
49
19
228
107
18
55
51
44
136
19
62
24
8
18
24
19
24
10
48
2
66
9
641
48
23
1
99
27
1758
6
10
1
10
6
44
48
9
48
2
55
18
6
19
677
602
10
55
30
27
62
148
220
27
19
18
10
2
9
24
48
2
2
61
48
124
1
48
27
43
16
2
18
51
26
55
52
61
9
18
18
9
10
98
9
9
159
37
2
10
27
1
24
8
123
18
10
843
2
61
26
27
6
6
6
18
18
55
19
9
1
55
18
8
9
18
61
89
6
8
6
48
2
9
43
55
9
51
57
10
1
10
6
8
2
2
2101
2
27
10
1
10
43
118
18
55
16
8
677
8
78
8
2
6
55
44
6
1
9
1
89
26
61
2
9
602
10
9
43
2
9
27
27
94
44
9
23
10
18
18
19
44
99
1
1
8
18
19
23
148
64
18
78
10
19
2
19
9
27
19
44
383
123
1
19
6
10
27
16
138
6
56
6
94
318
10
1
27
44
8
9
16
23
6
10
313
1
16
9
218
61
83
27
24
18
89
1
1
28
18
48
18
23
246
9
8
6
55
10
9
8
6
44
9
44
23
28
19
55
2
1
9
55
246
8
19
1
20
89
10
2
6
62
61
16
24
19
47
23
89
9
63
27
10
27
30
18
18
68
26
10
48
24
107
8
44
139
9
51
19
16
2
2
78
1
18
2
49
19
10
23
44
9
2
20
6
1487
18
10
63
1
43
2
10
48
55
9
19
78
70
27
9
27
10
19
6
43
48
9
27
16
9
19
24
26
27
10
9
1
1
48
1
2
10
118
27
20
8
28
43
2617
37
9
44
9
6
55
2
1
170
2
43
8
299
2
1
18
132
8
1
19
43
19
26
27
9
8
48
10
145
6
8
49
19
8
78
26
24
1
10
27
48
26
24
6
8
55
8
8
10
48
23
61
78
24
1
148
48
1
500
44
19
1
58
299
1
9
55
26
18
24
1
44
10
9
9
10
1
19
148
1
72
16
10
37
52
19
10
71
48
49
1
18
19
2
8
1332
16
99
26
6
1
55
9
8
2
48
148
55
9
19
6
10
18
1
66
48
43
55
8
55
19
10
19
9
24
8
2
24
487
1
54
169
9
20
1
19
63
8
18
27
24
19
49
19
19
18
16
99
27
26
94
10
78
18
94
1
66
43
2
131
44
24
1
1549
10
43
1
8
8
2
54
28
159
71
19
26
37
70
44
9
48
2
9
55
18
55
18
114
6
61
6
8
594
10
14092
48
24
51
44
1
31
24
31
78
55
1
18
148
28
52
27
6
10
524
1
55
24
44
23
47
48
89
1
148
28
2
19
23
24
2
1
78
27
51
51
43
9
138
19
55
8
55
9
8
51
16
20
18
1
18
26
47
8
6
48
10
18
27
89
10
132
28
9
18
28
18
66
253
27
52
55
6
24
1
16
48
9
1
9
8
26
16
48
48
6
44
6
9
8
24
51
43
23
28
1
48
19
48
52
16
16
9
181
10
24
18
44
43
454
136
2
1
1
26
23
19
6
375
1
48
8
2
9
89
55
27
55
18
27
6
8
383
19
16
43
9
8
1
27
9
19
51
16
66
169
112
24
24
16
2
19
44
19
2
1
9
9
18
1
9
48
2
9
6
16
43
19
27
10
16
1
2
23
6
172
89
89
6
9
49
6
9
24
1911
30
10
2
6
20
2
27
2
10
1
51
1
965
20
27
23
55
55
23
132
9
6
66
63
10
252
132
27
16
1
8
9
10
159
9
9
52
52
47
2
278
10
19
49
18
9
48
2
9
10
1
18
44
10
23
1101
9
23
6
16
83
6
9
66
6
48
218
1
19
27
52
19
148
48
1
9
9
20
48
55
18
10
1
9
10
2
9
9
2
27
44
48
10
9
19
9
19
2
62
473
9
10
30
27
10
47
18
19
499
24
865
8
1
1
9
19
27
23
24
24
26
47
44
19
8
6
19
19
9
23
9
9
27
27
9
23
70
6
1189
8
19
19
9
24
20
9
16
18
106
19
16
10
44
9
70
44
1
74
6
6
61
48
55
10
139
8
1
9
469
27
19
24
79
63
299
24
48
10
49
19
18
43
9
9
27
16
48
10
9
16
2
251
10
9
23
27
19
23
99
19
18
2
48
477
1
55
2
9
199
6
99
62
10
16
27
6
2
9
19
27
8
2
2
24
23
1
1
9
8
192
23
37
70
19
16
1045
9
24
62
43
218
2
51
9
9
24
54
48
10
30
48
43
10
18
49
8
8
19
8
19
10
19
49
10
1
10
44
9
19
9
31
24
48
89
2
48
51
9
10
2
48
26
24
2
9
10
27
19
44
10
9
61
47
28
6
28
1
2
24
54
6
55
8
18
19
20
27
57
2
562
37
9
37
24
1
6
1
44
27
37
48
9
28
8
28
44
2
6
19
1060
44
28
48
48
1
27
10
27
9
9
9
9
10
9
24
44
55
2
253
10
24
28
247
43
19
48
44
48
6
48
19
51
19
28
169
2
89
1
10
78
18
8
2
48
71
24
66
9
677
9
9
27
8
48
89
48
10
83
83
1
44
26
48
9
8
9
19
8
47
6
19
6
19
24
18
19
16
9
19
9
716
2
9
8
8
52
1
1
89
10
8
8
26
139
49
6
27
62
89
2
44
9
27
37
51
27
16
62
9
27
81
19
8
27
19
1
78
26
44
1
44
51
26
210
8
27
61
55
2
10
55
9
27
28
48
27
295
27
43
171
10
78
27
66
2
9
48
10
55
19
48
55
142
44
136
18
24
19
1
8
9
9
6
61
27
94
9
19
2
27
28
8
24
9
1
78
48
9
18
9
48
8
16
2
16
48
37
37
10
27
48
27
18
10
16
26
26
27
8
19
51
8
9
19
145
10
10
112
1
2
30
49
8
44
6
18
10
24
9
23
18
99
51
19
6
9
2
62
10
2
24
48
19
19
64
44
8
18
6
9
9
1
169
9
2
2
340
27
63
66
66
55
83
1
43
9
10
1
20
171
37
10
24
31
199
122
172
10
48
367
9
1
27
16
18
49
9
19
26
89
9
48
2
10
139
55
27
9
48
1
9
8
8
1
1
61
2
2
44
70
6
6
19
62
9
44
43
52
6
18
54
8
9
54
27
10
49
19
9
19
148
18
2
24
8
8
64
9
2
8
1900
19
49
24
44
1
136
28
9
142
225
8
16
10
55
48
9
19
8
8
27
1
24
19
1
6
9
1
8
19
19
9
27
16
19
51
18
2
18
1
27
52
23
568
44
9
37
52
48
18
8
10
290
2
27
159
8
27
10
47
9
19
20
24
89
16
213
16
20
19
148
72
64
6
176
6
111
49
27
10
2
6
19
6
24
71
89
16
124
89
1
101
2
18
9
37
10
70
1
48
52
51
10
10
20
1
9
150
27
66
2
55
55
474
9
24
48
220
537
18
27
55
1
8
19
9
19
58
2
6
340
20
150
9
148
19
2
30
18
49
6
10
48
26
66
27
78
24
172
6
27
19
27
20
778
383
28
43
10
19
61
43
9
24
10
10
9
10
6
148
49
24
55
52
99
9
170
66
19
10
27
10
492
9
89
2
28
52
10
47
1
6
8
756
23
19
1
1
48
9
48
57
55
27
19
112
8
44
8
71
9
9
55
62
55
9
8
28
6
55
255
78
18
24
533
9
9
44
18
8
2
49
8
19
37
8
62
49
150
199
2
10
81
197
57
51
6
48
169
61
66
9
19
2
10
6
61
19
62
54
176
28
10
37
33618
78
1
24
18
10
19
10
19
83
9
10
27
299
10
27
9
16
31
8
8
18
563
43
48
9
1
48
10
19
27
16
28
9
43
48
9
1562
9
2
43
6
299
55
52
2
16
6
1
169
24
54
9
10
55
16
10
2571
2
8
8
2
52
78
43
19
26
44
52
2
2
2
47
18
19
18
37
16
19
43
55
19
24
48
48
52
384
55
19
19
20
37
89
55
393
47
1
1
2
2089
10
8
10
18
10
6
23
9
6
9
9
28
2
48
9
78
9
112
1
48
44
27
19
18
6
101
19
51
9
10
43
1
1
10
2
2
9
172
150
18
27
522
52
52
24
136
8
9
9
61
19
27
6
66
18
220
2
6
8
27
66
19
9
24
48
27
9
48
9
2
218
43
44
94
9
9
49
9
2
18
9
27
18
19
2
9
19
6
52
10
2
24
55
49
161
27
48
10
24
18
9
10
48
16
49
27
48
142
19
78
1409
27
52
43
19
23
57
9
2
8
55
28
20
9
9
51
55
47
1
19
9
24
58
16
24
27
6
24
2
10
55
677
26
10
6
61
55
28
8
51
10
89
49
8
9
24
55
27
66
24
1
9
19
10
6
169
48
16
89
1
18
9
218
251
18
44
24
10
110
51
24
10
124
9
1
18
9
6
19
44
24
9
10
24
252
1
2
16
19
2
26
18
37
48
19
49
24
18
27
43
9
23
18
27
37
9
57
19
10
9
394
408
250
10
70
20
2
112
9
6
10
81
27
9
19
1
49
2
19
138
43
8
27
19
48
299
54
23
18
19
20
19
1
1
52
51
18
16
1
27
37
48
83
19
99
20
26
110
9
9
9
27
43
19
19
1
1
43
30
9
9
451
6
16
19
18
70
18
9
51
9
27
23
89
16
9
2
8
2
1
16
2
31
43
159
18
2
252
159
1
9
18
18
8
106
78
28
2
16
48
159
55
27
1
89
18
199
240
19
2
94
9
6
16
16
6
55
9
48
48
1
8
9
236
20
2
72
51
48
24
1
55
61
44
43
253
10
37
655
2
24
37
9
110
18
18
48
2
28
18
6
9
2
16
1
9
44
28
63
30
2
27
9
19
49
48
18
19
10
9
78
27
9
210
9
9
37
2
10
210
10
18
2
148
55
78
8
18
24
71
8
1
16
18
9
10
27
6
8
19
48
2
20
9
18
48
9
2
1
57
24
6
24
37
1
602
8
1
9
6
48
19
128
2
24
51
1
172
2
27
27
28
23
8
19
27
19
9
64
24
1
20
27
2
1
44
18
1
570
9
89
49
16
43
19
49
72
169
43
6
27
487
9
23
55
31
55
9
1
9
375
2
48
8
294
27
10
71
57
37
9
43
27
260
2
16
28
23
49
24
1
440
1136
83
2
24
6
18
2
1
6
10
51
48
210
175
19
6
6
408
55
44
7857
9
10
19
24
10
2
55
19
44
18
27
28
24
2
27
27
9
10
9
8
51
8
63
8
18
1
210
1
78
9
9
8
2
24
6
81
6
48
19
19
9
9
9
10
142
20
218
10
70
8
78
1
16
48
8
6
101
55
18
48
55
1
19
9
2
27
111
27
44
1
44
49
37
19
16
18
78
19
48
61
1
8
37
44
48
10
27
2
20
9
10
55
51
24
10
83
18
18
9
9
9
1
2
9
49
9
6
8
1
172
24
16
18
2
28
1
30
10
8
2
8
23
83
8
57
72
48
27
19
27
19
8
65
2
228
48
6
18
6
19
1
19
9
9
9
24
10
48
24
9
6
6
7022
1
2
8
6
6
16
8
2
1
1
8
48
30
9
16
6
9
70
48
48
10
2
52
10
185
8
24
148
49
169
6
23
37
24
18
78
8
9
19
8
19
54
1
1
24
9
31
18
19
8
2
55
43
20
18
10
2
16
10
83
171
6
43
51
246
9
52
51
19
16
10
124
19
18
27
16
23
119
9
1
8
48
9
2
8
1
6
55
9
172
48
18
1
19
9
9
18
6
18
10
19
58
48
8
48
19
10
24
10
218
61
176
9
18
70
27
2
48
6
19
44
44
71
43
44
19
24
9
51
24
128
18
2
18
43
27
44
94
9
55
9
2
20
10
2
299
27
8
28
37
19
9
6
24
44
10
128
48
78
28
48
44
9
19
27
2889
8
48
55
6
9
8
48
18
19
10
9
18
9
48
52
2
30
19
8
65
1
2
19
48
18
6
9
1
9
110
2
18
18
44
18
43
61
1
10
2
27
9
1
19
10
48
1
19
26
18
469
27
2
10
43
2
24
8
31
48
89
44
8
43
55
2
8
43
27
79
48
18
9
10
9
44
2
49
9
1
19
48
48
18
49
99
52
9
2
48
2
8
169
18
24
30
2
27
8
44
9
10
37
78
48
6
1
19
19
19
16
18
28
10
55
19
18
43
10
8
19
18
20
55
61
6
48
43
18
19
23
376
24
24
16
1136
2
30
2
61
27
16
28
26
150
20
210
9
51
2
37
8
10
1
9
8
2
9
27
522
1
48
9
19
51
245
9
9
18
44
1
55
299
1
9
20
10
9
16
48
6
19
19
27
16
48
24
2
2
71
57
57
10
6
8
55
16
74
8
9
78
1
52
44
9
8
1090
51
1
18
67
1
18
1
48
10
52
70
28
10
10
9
43
26
52
24
23
1139
24
18
94
49
10
2
8
48
37
9
2
159
1
20
9
24
81
52
27
2
19
2
8
8
8
63
52
48
6
99
16
1
19
161
18
20
1
51
9
24
1
2
18
72
8
6
43
19
24
19
27
44
1
20
27
48
8
51
19
48
2
2
43
115
16
48
54
8
24
9
9
24
111
48
9
8
51
18
48
48
473
43
74
16
18
49
19
1
94
1
24
27
47
24
2
16
20
19
176
16
9
8
18
19
27
2
1
24
51
19
9
43
19
55
9
1183
10
10
18
9
51
18
19
43
9
18
6
1
23
1
55
2
8
55
44
26
55
47
10
27
9
24
24
16
24
19
6
200
52
18
1
1585
44
2
9
26
19
27
24
2
33
28
6
43
23
737
9
24
16
48
8
2
27
210
83
9
43
9
19
37
19
19
207
8
27
19
2
16
1
159
218
19
1
9
81
48
44
375
6
37
10
19
30
6
169
142
48
10
47
101
16
639
18
19
10
30
2
18
57
10
138
16
10
27
19
44
43
27
2
689
6
2
2
9
19
27
10
37
37
18
169
19
2
51
20
19
6
2573
18
8
9
51
18
19
55
1
24
74
48
58
78
6
8
16
24
48
1
37
78
26
9
8
43
48
19
6
9
16
2
10
1
48
2
844
55
2
9
24
78
55
10
23
1
18
27
44
44
212
9
55
43
24
9
18
1
24
18
20
118
16
27
16
8
183
27
16
8
169
6
10
9
23
9
63
48
57
2
48
8
26
19
1
18
10
2
2
6
49
2
9
8
626
48
37
18
47
375
10
9
19
6
44
9
61
26
26
20
10
48
20
44
1
74
9
18
26
8
89
18
10
6
19
70
169
48
1
10
2
49
9
37
19
2
18
18
31
56
651
10
6
224
9
27
18
8
10
176
24
90
1
37
27
9
9
27
27
16
19
27
8
139
48
2
9
217
48
469
8
6
8
48
2151
6
19
9
48
16
43
70
43
9
9
16
94
2
1
1
2
309
139
10
26
136
54
8
48
9
83
8
1
89
18
6
9
55
28
18
48
16
63
1
148
1
1
19
27
2356
28
16
18
57
51
10
18
24
27
9
20
1
9
9
99
2
2
44
44
28
18
48
27
27
136
27
48
6
16
16
136
8
1
9
49
71
72
24
24
28
2
48
2
43
9
48
1
9
23
10
10
47
24
48
10
2
18
28
27
27
44
1
8
9
57
8
10
251
1
49
8
48
8
18
1
44
9
2
24
18
47
78
19
24
18
196
16
27
44
49
9
1
49
23
16
6
48
18
48
51
8
2
64
81
48
26
10
24
24
24
9
9
43
18
112
1
8
1
1
24
43
16
48
1
44
48
18
27
1
16
10
19
72
270
48
9
27
19
9
9
28
48
8
8
54
408
48
78
6
2
9
19
55
9
18
19
8
26
2
24
52
10
9
48
119
771
24
24
10
49
9
37
9
5449
8
43
124
19
27
9
18
124
51
9
148
49
48
55
27
1
8
19
8
18
44
44
10
51
66
48
19
2
55
19
54
267
27
61
57
8
9
28
28
52
18
8
48
51
27
8
26
1
24
1
16
51
2
112
24
9
1
19
27
9
240
27
27
51
136
9
9
2
18
51
30
1
9
18
16
713
27
18
10
48
63
18
9
478
10
10
48
172
9
2394
8
8
18
2
10
18
9
48
28
19
10
8
19
48
26
72
10
2
675
26
1
1
9
1436
26
9
16
9
27
19
199
44
49
19
18
43
192
28
27
23
24
2
9
9
142
1
18
26
18
24
10
51
8
138
9
106
2
78
1
16
71
27
243
48
51
20
19
9
24
9
49
9
18
1
24
48
19
19
9
48
16
148
55
10
18
8
106
94
19
72
19
106
19
9
8
8
10
546
19
10
48
10
24
23
1
9
9
27
2128
8
10
9
74
20
2
2
19
27
49
169
2
8
1
19
19
9
19
142
10
10
1
19
789
10
335
16
9
18
10
172
19
9
10
8
61
24
172
1615
18
10
49
9
9
19
261
18
9
9
48
24
18
66
9
48
49
55
8
19
48
19
2
1
48
2
43
112
60
