8 6
Q 4 0 2 6 4
I 5 4 639
I 3 3 0
I 4 4 0
I 2 226
Q 6 7 1 3 2 4 0
2 18
I 0 1 446
I 0 1 446
I 1 405
Q 2 1 0
I 0 1 446
I 0 1 446
I 0 1 446
I 0 1 446
I 1 1 0
I 1 405
Q 2 1 0
I 0 43
Q 1 1
Q 1 0
I 0 1 446
I 0 43
I 0 1 446
Q 2 1 0
10 23
Q 7 4 7 6 3 1 9 2
Q 9 3 1 4 0 2 5 9 7 8
I 2 6 507
I 3 8 680
I 2 961
I 2 961
I 2 1 718
I 7 0 784
Q 8 8 9 7 2 1 4 5 3
I 5 310
I 2 3 834
Q 6 7 1 8 3 4 2
I 6 4 341
I 3 131
I 9 646
I 3 7 630
I 0 7 784
I 7 757
Q 8 0 2 4 7 5 8 1 3
Q 9 2 0 3 4 1 6 8 9 5
Q 2 6 8
I 0 3 358
I 0 485
14 25
Q 12 9 5 8 11 1 7 2 3 12 6 0 13
I 10 13 738
I 12 190
Q 5 0 8 1 2 13
I 13 4 775
I 12 190
I 12 3 482
I 1 2 186
I 10 11 152
I 0 0 0
I 7 1022
I 5 11 41
I 7 10 980
I 3 8 1019
I 4 463
I 6 10 418
I 9 799
I 5 2 4
I 13 712
I 6 13 832
I 13 7 310
Q 7 13 2 12 1 7 8 6
Q 6 10 6 5 12 13 1
I 0 853
I 6 3 212
7 18
Q 1 1
I 1 767
I 4 4 0
I 5 626
Q 6 4 6 3 5 2 0
I 0 668
Q 1 5
I 0 668
I 6 503
I 3 4 521
I 2 81
I 2 81
I 0 0 0
I 1 767
I 1 0 99
Q 2 1 2
I 5 1 141
I 4 0 823
17 25
I 11 725
I 12 459
I 0 1005
I 6 100
I 8 9 304
I 0 1005
Q 4 9 7 11 3
I 16 13 770
I 11 725
I 10 16 726
I 11 4 141
I 7 1004
I 6 16 919
I 3 314
Q 14 0 3 4 14 9 2 12 7 10 13 5 1 11 8
I 8 259
I 13 241
I 15 9 962
Q 8 5 1 16 2 13 14 9 6
Q 5 5 16 4 12 10
Q 2 15 16
Q 11 1 16 8 5 3 10 9 6 13 12 4
Q 6 12 7 8 5 1 11
I 5 2 8
Q 2 9 5
5 39
I 2 3 438
Q 2 1 4
I 1 12
I 1 12
I 2 408
I 2 408
I 4 1 775
I 0 734
Q 3 1 4 0
I 0 734
I 3 46
I 0 734
I 3 3 0
I 0 0 0
Q 2 4 0
I 4 779
Q 2 0 2
I 1 12
I 4 0 469
I 1 3 34
Q 5 3 0 1 2 4
Q 1 2
I 3 3 0
Q 2 0 2
I 0 3 752
I 3 46
I 1 12
Q 3 0 2 3
I 2 4 659
Q 2 3 0
Q 3 1 3 4
I 1 3 34
I 4 779
I 4 2 659
I 0 0 0
Q 5 1 3 2 0 4
I 2 408
I 1 12
I 4 0 469
1 29
I 0 0 0
Q 1 0
I 0 0 0
I 0 0 0
I 0 0 0
I 0 447
I 0 0 0
I 0 0 0
I 0 0 0
I 0 447
I 0 0 0
Q 1 0
Q 1 0
I 0 0 0
I 0 0 0
I 0 0 0
I 0 0 0
I 0 447
I 0 0 0
Q 1 0
I 0 447
I 0 0 0
I 0 447
I 0 0 0
I 0 447
I 0 447
I 0 447
I 0 0 0
I 0 0 0
2 5
I 1 1 0
Q 2 1 0
Q 2 0 1
I 1 1 0
I 1 0 724
2 27
Q 2 1 0
I 1 707
Q 1 0
I 1 707
Q 2 1 0
I 1 707
Q 1 0
Q 1 1
I 1 707
I 1 0 962
I 0 257
Q 1 1
Q 2 1 0
I 1 707
I 1 707
I 1 707
I 0 257
Q 2 0 1
I 0 0 0
I 1 0 962
I 0 1 962
I 1 707
I 0 257
I 1 707
Q 2 0 1
I 1 707
I 0 257
0 0

